224470.10937501
85657.89062500
99231.79687500
-37037.57421875
34423.98828125
51013.37500000
-323.32217407
-874.93823242
2446.47778320
-47155.08593750
-86626.14843750
26206.51953125
-90899.74218750
-55591.45703125
-12476.89160156
-5549.18408203
19594.98242188
-11248.06250000
-38614.40625000
-44442.65234375
-64719.08203125
-29885.99414062
19298.05664062
6762.90625000
-18261.44531250
-20123.03710938
-20151.77343750
-41047.60937500
-24951.13476562
-13837.16601562
-8774.40625000
-23522.58203125
21270.26757812
8082.11718750
-45538.33593750
2469.94750977
22810.99414062
33872.14843750
26954.38281250
26183.04687500
52564.60546875
31019.90039062
38571.58203125
41129.00390625
29943.92968750
28947.03320312
27520.07617188
32145.43554688
24623.65234375
26086.48437500
27033.11914062
-41086.32812500
79554.66406250
32956.53515625
-67747.38281250
-71329.87500000
42217.85546875
21679.75195312
-9033.83300781
-3325.97119141
13953.76562500
-9976.56738281
15487.73535156
-38131.55468750
66356.79687500
-1591.59814453
-12639.86621094
24395.87500000
12507.40039062
-22872.96875000
-39032.82812500
-72762.14062500
-16532.64453125
-52411.98046875
18613.44140625
-7860.94433594
-3660.96093750
-2888.47705078
-32098.41210938
-5455.72558594
-8781.10742188
-12492.41601562
24795.26562500
-2110.46606445
-1550.25964355
11917.73828125
224.06451416
-7076.54052734
-18649.74023438
-14160.73535156
-5360.20800781
-9364.80761719
-7716.73046875
-3545.05053711
1727.19750977
6823.50097656
-7660.59960938
-4871.64746094
-979.12420654
-18091.35156250
-4798.60693359
-209975.92187500
