242057.75781251
46274.50390625
85635.39062500
-28731.60351562
-22217.86718750
155261.84375000
19794.47460938
-62775.19140625
-100681.68750000
-49843.77734375
-38109.33203125
-16026.53613281
-80809.50000000
29533.76562500
46402.03515625
8478.99023438
-9019.33398438
7185.24609375
10511.84765625
78774.86718750
16192.20800781
-25062.88085938
-30295.65234375
15066.99218750
-34223.89453125
-24392.95117188
-95464.53906250
-47973.06640625
717.11621094
15104.90625000
-30488.28515625
-56004.08593750
-44549.46875000
-19714.93359375
26068.22265625
-29339.73242188
11578.16992188
-2579.02343750
22702.89843750
23746.26757812
32519.01953125
53110.82421875
68979.57812500
59239.09765625
62756.32031250
16582.70898438
11746.85351562
64117.72656250
60920.86718750
5130.06738281
76404.46875000
-55227.81250000
103275.50781250
21257.34375000
-64758.93750000
-68526.34375000
-49360.82812500
7075.58105469
-3020.31323242
102116.81250000
78484.18750000
-10202.27050781
-23645.33007812
-3432.99804688
-28277.22460938
10994.89257812
26386.81250000
14601.87402344
20035.96679688
6527.88134766
-20170.33789062
38511.42187500
-21594.27734375
-2071.20043945
35134.27343750
24889.78320312
12260.05957031
16448.50976562
-14998.20507812
-19788.60546875
7583.73242188
-3004.64233398
-19960.28515625
-20145.37109375
-14752.07226562
2803.50976562
-2797.90307617
12926.56640625
7982.48144531
-44375.63281250
1531.89233398
9532.96484375
3131.42797852
9714.21191406
-3471.76684570
-2040.55895996
8551.63183594
5699.36718750
-18351.53320312
-5092.74218750
-7976.47900391
-175056.12500000
