237269.39062501
60086.44140625
62309.08593750
13200.35351562
-22285.28710938
84530.47656250
36132.73437500
50066.32031250
8617.54003906
-79647.89843750
-101197.30468750
-111362.39843750
-64171.87890625
-24756.76953125
-38499.55078125
25579.66992188
-17962.31054688
-21302.15234375
-17377.49218750
-10278.85742188
-8277.77832031
3373.96191406
29208.54882812
-55602.04687500
-30720.70507812
2528.40698242
-5750.03173828
4034.46118164
12028.22167969
22531.04296875
9138.48535156
-2354.93261719
-35187.82421875
3939.26489258
-23868.65234375
21223.67578125
32731.35156250
22168.13867188
37837.21093750
-15137.08691406
-12482.64355469
67392.28906250
59891.00390625
48233.02343750
48705.14062500
49652.96484375
51859.75000000
3790.63012695
39163.32031250
10900.00097656
28330.39062500
-49296.66796875
86209.17187500
31236.84179688
-76888.65625000
-49475.83984375
-15864.38769531
33761.03515625
35243.04296875
5452.12353516
9963.59570312
-5216.10937500
24993.96679688
10810.02246094
22759.24804688
29380.09179688
10077.38378906
22135.60742188
-13479.42871094
-18485.60546875
-16207.74707031
-20116.49804688
-25256.96484375
-42698.63281250
-25647.31054688
-23695.71679688
-7786.06542969
20999.33007812
628.73461914
-38704.99218750
-10968.54199219
-22210.30468750
-11523.92480469
-14783.98925781
-28655.85742188
-25048.96875000
-25122.07617188
-28959.37304688
-45934.07421875
-20610.38085938
-22718.11523438
15478.45800781
6367.12304688
-15655.79199219
2391.86474609
-40043.03125000
-12571.04101562
8696.05468750
-5241.17529297
4257.37646484
43177.12109375
-256369.90625000
