229514.58593751
-1400.87292480
38742.30468750
-36328.92578125
-29472.84960938
83150.14843750
23888.19726562
-30828.51562500
-49647.69140625
-10933.32519531
-33262.15625000
-53697.68359375
6996.08740234
20261.05664062
38157.73437500
46284.22656250
35191.62109375
68176.51562500
8036.43945312
9357.35937500
-17193.55859375
22528.07226562
-3267.06591797
-14130.25781250
-33989.23046875
-2804.81103516
-17420.79882812
-39872.65234375
-2448.89306641
-43310.79296875
-44614.94140625
-43277.78515625
-8602.27441406
-44313.55859375
-10703.48535156
-645.42950439
35775.59765625
-12406.98828125
-11127.14843750
2506.83178711
76314.15625000
60848.00000000
21913.53906250
46783.14843750
54302.05468750
27824.05859375
9215.71972656
22506.44921875
9663.74414062
-21511.21875000
13767.53125000
-175188.28125000
84853.97656250
-882.14892578
-87730.79687500
-54511.18359375
-43738.13671875
-1609.59399414
24351.66601562
147687.07812500
71621.35156250
37661.90625000
8338.99218750
73538.66406250
-11341.93164062
-37482.55078125
-65815.40625000
-27384.28125000
-10148.11914062
-21066.42187500
-43524.30078125
-19859.71875000
-58407.21093750
-19077.02734375
25067.66601562
-6555.18554688
17145.93750000
24039.64648438
20490.65820312
55351.53515625
5469.00390625
11034.19042969
-2235.05859375
13517.65527344
-40089.50781250
-34824.37500000
4184.63525391
18596.24023438
-19494.00195312
-2685.26171875
-9576.87109375
-2454.98535156
-24183.66601562
19649.62695312
34325.60546875
33015.01562500
16264.08007812
6447.45751953
27652.96093750
14797.31054688
55842.39453125
-54796.02343750
