197744.25000001
92187.96875000
92497.49218750
32044.20898438
-45972.84765625
241.14723206
61336.83203125
15324.46191406
-28109.21679688
-36615.73046875
-34631.18750000
-60338.29296875
-26771.56054688
-13228.14355469
-6594.96533203
4589.57470703
9445.79980469
-39171.55468750
-44183.31640625
-61746.75781250
-52236.57421875
-38780.76953125
1111.86291504
41775.26562500
47697.35156250
47297.42578125
6868.87841797
-2044.65917969
6225.15478516
8652.12695312
26101.20703125
-12529.49609375
4290.60351562
37291.51953125
-18668.45898438
-1585.14196777
-32997.60546875
-5298.50634766
-5206.86572266
-14262.56542969
-19940.84179688
53163.21484375
38190.36718750
44306.30859375
59483.94531250
47809.01171875
-5269.49755859
-24463.50585938
-4010.88232422
-19452.96679688
-9461.06738281
8342.60253906
50979.52734375
38445.35546875
-32518.11132812
-57782.28125000
-20966.78125000
-19404.84375000
39322.26562500
31044.05859375
-56832.91406250
37213.18359375
61595.87109375
48521.41015625
-31378.77343750
35660.57812500
2931.55175781
10526.61718750
-48863.41796875
17721.57617188
8307.87792969
-17280.31835938
38982.02734375
-39705.23437500
-41961.55859375
-32494.93359375
-17595.12109375
-39523.65234375
-38506.33593750
-19025.08984375
-20281.64062500
-15341.25097656
5889.60449219
36464.47265625
3512.79003906
-716.42852783
-13057.72656250
-20678.97070312
-31660.55273438
-20893.43359375
-33947.79296875
-4243.03466797
8239.42871094
-4612.61816406
-14672.88671875
10290.45800781
10257.89453125
9634.56542969
11447.83203125
12952.08984375
15450.33691406
-27945.00781250
