220451.54687501
87393.99218750
84794.04687500
5800.91894531
-11570.85937500
31055.21875000
93244.45312500
23860.69921875
-18564.94921875
-86643.53125000
-45351.71484375
-52640.06640625
-87181.57031250
-53807.58203125
-35952.48437500
26677.59179688
46695.82812500
54366.71093750
-9367.89453125
-18010.84179688
-41538.97265625
-13381.98535156
30649.08593750
59405.88671875
31623.19140625
62511.02734375
50263.41406250
5347.97802734
-31988.49023438
-46484.26953125
-15027.05468750
-25707.41796875
-17005.63867188
-10429.08105469
-18595.61523438
-18810.65429688
-51407.05078125
-2721.72998047
-2913.19018555
-10772.82714844
-36625.29296875
71732.42968750
75679.47656250
28334.91015625
9864.05859375
31224.91601562
-21357.33007812
25575.29101562
9814.15136719
19430.91992188
-26927.62304688
-12218.00390625
52674.16015625
18459.89453125
-14966.15820312
-51354.23046875
-36364.64843750
8162.20312500
12320.64355469
30227.65234375
-56929.57031250
34243.91406250
28452.05273438
27761.00585938
5723.63476562
66926.66406250
-4723.07373047
9584.95019531
-15295.22363281
-12491.21093750
35584.51953125
30733.96093750
31941.79687500
-30963.89453125
-21996.71484375
-5456.14404297
-3061.85986328
-3383.02343750
-21492.78320312
-12469.21093750
-1171.89013672
-5617.08398438
-15278.16894531
-13630.83007812
-9250.80761719
-14089.43457031
-21465.69531250
-9568.08300781
-15229.90722656
-11568.56640625
-11900.46777344
-13146.15917969
-11580.57812500
-11236.53906250
-9156.63867188
-8449.98535156
-10175.56933594
-13535.96093750
-13409.35449219
-11027.03320312
-2952.43237305
-127679.96875000
