264421.64062501
63235.03125000
93954.34375000
10238.05859375
30234.14843750
71319.63281250
16578.57031250
-20546.80078125
14866.55566406
-77193.67187500
-139616.78125000
-95409.91406250
-38479.05859375
-16295.55078125
19095.28906250
-15879.17382812
-45717.58984375
-46037.00000000
1181.94934082
19752.53710938
-40483.84375000
-33731.75781250
-34732.46875000
-83926.56250000
-6477.80029297
-54458.74609375
-27412.64062500
285.24963379
16210.06250000
10943.72460938
-2272.50805664
14956.15722656
-10422.99316406
-936.56896973
-5048.70996094
-18812.62695312
43409.89843750
50400.88281250
41112.80468750
6041.82128906
-11574.79101562
101944.25781250
81442.35156250
84293.85156250
59978.94140625
12708.90820312
58133.62890625
82393.50781250
46925.54687500
21159.50585938
64240.62890625
-81420.27343750
66732.35937500
37377.00781250
-64582.01562500
-89765.71875000
11110.72558594
17596.19726562
2791.21215820
64485.98437500
22623.03710938
-17118.83203125
320.09945679
187.20701599
48722.27343750
-8507.41992188
-873.70843506
-28243.29296875
-32993.48437500
-26914.99804688
-20794.41992188
-13454.36914062
6980.02343750
-3143.13305664
12796.99414062
-6142.48925781
10431.40625000
12010.04980469
-8948.08007812
11312.43945312
39004.94921875
-25203.94335938
-6422.10107422
-10470.79687500
-688.95605469
24847.48242188
38320.82421875
-1526.60119629
-2016.68908691
33433.97265625
-18460.26171875
-13300.89550781
25501.70507812
40148.11718750
38329.71093750
19502.38671875
11743.81250000
-5696.29150391
-38.32019806
-18547.51367188
-11139.72656250
-295657.90625000
