226394.57031251
79881.98437500
115599.53906250
54520.37890625
-27804.30273438
-23173.16015625
107075.62500000
23564.36718750
-45218.76171875
-61067.59765625
-70611.07031250
-14903.72167969
-32890.29687500
-6268.95263672
5846.82275391
17956.68554688
36261.16406250
58466.91406250
-12898.12109375
-74300.76562500
-41240.84765625
-66828.77343750
-42587.62890625
5514.61572266
6613.94531250
43154.57812500
54081.63671875
-3542.14599609
9895.60253906
-25711.16406250
-27620.76171875
24826.47070312
-38307.07421875
-18245.06640625
10683.13671875
-36397.60156250
-50022.57031250
11538.67187500
44100.69140625
36887.27734375
21463.33007812
73326.63281250
47879.34375000
58104.30859375
29727.17773438
804.91900635
-20014.42578125
-5916.48046875
1030.87536621
-9107.88085938
-5311.06982422
17946.87695312
52953.27343750
24320.33984375
-54895.75390625
-80932.15625000
-31910.05468750
2833.79467773
8320.61816406
22247.43750000
-44877.47656250
6656.63037109
69280.17968750
45897.01171875
15053.74609375
19767.46679688
16573.03125000
-17246.35351562
-42005.39453125
-19523.38671875
-10866.46386719
1622.04003906
34902.29687500
-11291.06250000
-1514.94519043
-26277.97851562
-6857.36816406
-10289.85839844
-6084.30908203
-653.27960205
6898.60498047
14282.74023438
-2726.40307617
918.70318604
-344.75936890
5733.14257812
6101.69873047
3046.41992188
-9178.88671875
6430.99316406
4365.75537109
8876.32421875
5035.00634766
2350.89892578
5247.86865234
-2645.79174805
8366.17773438
-7327.28710938
10057.14062500
-1045.75561523
6930.30273438
-119900.01562500
