276998.53906251
71916.25000000
33912.48046875
-57379.28125000
-3815.45996094
253432.79687500
143180.09375000
-5335.89990234
-46294.89453125
-96576.81250000
-51982.21875000
-159419.59375000
-104455.87500000
10848.14941406
1852.20190430
16472.39648438
-30267.86718750
6973.96533203
-51652.78125000
-6444.89697266
-42236.14453125
-57374.52734375
1917.56127930
-32654.42773438
43835.47265625
-5761.35400391
-15152.53027344
-25483.62304688
68416.85156250
35934.72656250
-7488.69824219
13842.34179688
-48904.11328125
-26519.24609375
-72030.16406250
-13661.30761719
5023.90429688
47003.32421875
37106.11718750
16552.43359375
50627.06640625
105513.92968750
65758.99218750
14055.99609375
5310.56640625
-12412.83496094
-17046.86328125
-25120.76562500
-19054.62890625
-39768.66015625
-32790.85156250
-104769.59375000
142055.75000000
37746.92187500
-100255.67968750
-116547.77343750
30686.07226562
-35479.42968750
-12910.40625000
14471.19042969
85069.69531250
-34197.21875000
45097.60546875
-50572.06250000
56236.80859375
-14956.30859375
2694.24902344
-2761.52490234
-50949.51171875
-42125.51562500
-38573.54296875
-32593.04492188
-29904.88671875
-2.83602762
-10587.46191406
31065.28320312
28566.85351562
-33666.88671875
29835.62695312
29209.28125000
-8779.32324219
-553.17785645
12815.60253906
53880.28125000
3724.75537109
34080.43359375
7430.23388672
-11869.98730469
48981.69921875
25426.62304688
-1819.66174316
19816.73437500
-5712.38134766
29479.93359375
-34047.22265625
-25361.89648438
18863.96289062
12150.82910156
-14256.68261719
20922.87304688
-26814.82812500
-43301.97656250
