237712.32031251
94093.25781250
64361.57812500
-36037.91406250
-24592.35546875
104333.94531250
49056.56640625
-30616.72265625
-45087.72265625
-65679.19531250
-16459.34570312
-74243.39843750
-66474.68750000
15753.00585938
60182.15625000
115899.15625000
30714.54296875
83904.87500000
56626.92187500
10181.62109375
14541.28417969
17043.03906250
9531.93457031
8445.18164062
-27342.08203125
-62872.29687500
-100271.25000000
-47679.81640625
-78095.26562500
-26313.87109375
-58831.50390625
12027.08203125
9120.94335938
-16421.35546875
-9793.87988281
-39083.52343750
17847.07226562
-38258.14453125
9563.81738281
89678.21093750
53184.15625000
77664.20312500
45241.65625000
28163.91406250
19216.95703125
15606.03027344
9102.01757812
5953.81005859
-15183.71679688
10135.23144531
30916.77539062
-37203.85156250
110033.53906250
4860.54980469
-69237.79687500
-54706.12890625
-31820.32421875
-12888.40136719
8028.33300781
99456.44531250
40249.13671875
37627.41406250
-12420.14648438
-49332.23828125
4987.58251953
-2213.21118164
-5814.42382812
36622.17187500
8141.95312500
-3044.92016602
-15160.41210938
4775.19482422
-18744.75781250
-15964.90722656
-18303.98437500
13870.18457031
644.36022949
-7265.29443359
-2060.39331055
-14639.44140625
3967.44653320
-559.16131592
-15044.84179688
-8933.86035156
-7705.87744141
6114.84423828
-4835.49072266
-434.89358521
-4853.77587891
-11381.39160156
-11379.72363281
1788.77221680
-3879.86303711
-793.39965820
-28940.66406250
-5716.97460938
-2844.57666016
3210.01074219
537.31231689
-7045.60742188
-15009.46386719
-152852.06250000
